<?xml version="1.0"?>
<opencv_storage>
<images>
/home/mwx/Pictures/calibration/1496034527769887265.png
/home/mwx/Pictures/calibration/1496034532529786581.png
/home/mwx/Pictures/calibration/1496034537389705283.png
/home/mwx/Pictures/calibration/1496034540037641298.png
/home/mwx/Pictures/calibration/1496034541309601018.png
/home/mwx/Pictures/calibration/1496034555689347546.png
/home/mwx/Pictures/calibration/1496034559141252469.png
/home/mwx/Pictures/calibration/1496034563801167888.png
/home/mwx/Pictures/calibration/1496034566113124099.png
/home/mwx/Pictures/calibration/1496034568593076970.png
/home/mwx/Pictures/calibration/1496034570669009072.png
/home/mwx/Pictures/calibration/1496034574224960895.png
/home/mwx/Pictures/calibration/1496034577976886624.png
/home/mwx/Pictures/calibration/1496035688401423107.png
/home/mwx/Pictures/calibration/1496035693529322146.png
/home/mwx/Pictures/calibration/1496035699597202185.png
/home/mwx/Pictures/calibration/1496035701909152693.png
/home/mwx/Pictures/calibration/1496035707437032541.png
/home/mwx/Pictures/calibration/1496035712800946285.png
/home/mwx/Pictures/calibration/1496035714776868013.png
/home/mwx/Pictures/calibration/1496035717792876784.png
/home/mwx/Pictures/calibration/1496035724464724582.png
/home/mwx/Pictures/calibration/1496035728484632356.png
/home/mwx/Pictures/calibration/1496035730464593692.png
/home/mwx/Pictures/calibration/1496036132889534920.png
/home/mwx/Pictures/calibration/1496036151325173955.png
/home/mwx/Pictures/calibration/1496036182324522202.png
/home/mwx/Pictures/calibration/1496036189432427238.png
/home/mwx/Pictures/calibration/1496037289764504267.png
/home/mwx/Pictures/calibration/1496037291944465093.png
/home/mwx/Pictures/calibration/1496037294824362144.png
/home/mwx/Pictures/calibration/1496037298076343747.png
/home/mwx/Pictures/calibration/1496037299084352272.png
/home/mwx/Pictures/calibration/1496037299952275008.png
/home/mwx/Pictures/calibration/1496037301028314273.png
/home/mwx/Pictures/calibration/1496037301932269039.png
/home/mwx/Pictures/calibration/1496037318679911634.png
/home/mwx/Pictures/calibration/1496037320587860347.png
/home/mwx/Pictures/calibration/1496037323771804363.png
/home/mwx/Pictures/calibration/1496037324911831288.png
/home/mwx/Pictures/calibration/1496037326019780118.png
/home/mwx/Pictures/calibration/1496037327091783735.png
/home/mwx/Pictures/calibration/1496037329271751559.png
/home/mwx/Pictures/calibration/1496037330375716582.png
/home/mwx/Pictures/calibration/1496037331483722282.png
/home/mwx/Pictures/calibration/1496037332875612246.png
/home/mwx/Pictures/calibration/1496037335367618305.png
/home/mwx/Pictures/calibration/1496037336271601156.png
/home/mwx/Pictures/calibration/1496037337211584120.png
/home/mwx/Pictures/calibration/1496037338115565128.png
/home/mwx/Pictures/calibration/1496037338851555887.png
/home/mwx/Pictures/calibration/1496037339959535511.png
/home/mwx/Pictures/calibration/1496037340763519885.png
/home/mwx/Pictures/calibration/1496037342739486352.png
/home/mwx/Pictures/calibration/1496037343679454449.png
/home/mwx/Pictures/calibration/1496037344863445464.png
/home/mwx/Pictures/calibration/1496037345971411219.png
/home/mwx/Pictures/calibration/1496037346907369764.png
/home/mwx/Pictures/calibration/1496037348047400535.png
/home/mwx/Pictures/calibration/1496037349187349342.png
/home/mwx/Pictures/calibration/1496037350863323086.png
/home/mwx/Pictures/calibration/1496037352371325047.png
/home/mwx/Pictures/calibration/1496037353243254669.png
/home/mwx/Pictures/calibration/1496037355723207421.png

</images>
</opencv_storage>
